Q_Item: 7401
LSH_Neighbor: 110
LSH_Distance: 8.48746
LSH_Time: 0.319589
TRUE_Time: 53.6513
True_min_dist: 0.120662
True_Nei: 7398
Q_Item: 7402
LSH_Neighbor: 15
LSH_Distance: 0.021728
LSH_Time: 0.000964
TRUE_Time: 0.642924
True_min_dist: 5e-05
True_Nei: 966
Q_Item: 7403
LSH_Neighbor: 110
LSH_Distance: 5.56592
LSH_Time: 0.247704
