Q_Item: 7401
LSH_Neighbor: 7400
LSH_Distance: 0.202668
LSH_Time: 0.320628
